预测值为：
[4 0 0 3 2 0 0 2 0 0 1 1 2 3 4 0 0 0 0 0 0 4 3 0 4 0 2 3 0 1 0 1 1 1 2 1 0
 3 4 3 0 1 0 3 2 1 4 0 0 4 0 2 3 0 5 1 4 0 0 4 0 4 5 0 3 1 1 0 4 2 3 4 5 0
 2 0 0 0 4 0 4 3 0 1 5 2 0 3 2 0 5 4 2 0 3 4 2 0 2 5 0 2 2 0 0 0 1 4 5 5 0
 5 0 0 0 0 5 0 5 0 4 5 0 1 0 0 3 3 4 2 0 2 0 2 0 0 5 0 1 0 4 2 2 0 4 4 2 0
 0 4 4 0 3 0 3 5 0 4 1 0 2 4 2 5 4 2 0 2 2 0 0 0 2 0 0 1 0 0 3 0 2 2 2 2 0
 2 1 4 0 0 5 4 0 0 5 5 0 0 4 0 0 3 1 2 2 0 0 0 0 0 3 5 5 4 2 2 4 1 0 1 1 0
 5 3 2 0 3 1 4 5 1 0 2 0 2 5 2 5 0 0 0 2 4 0 4 4 0 5 0 1 0 0 4 4 0 0 2 0 4
 0 0 0 0 0 0 0 4 0 0 0 0 0 2 0 0 0 0 0 0 0 0 1 2 0 0 3 4 2 0 0 4 4 0 4 0 1
 0 0 0 4 1 4 5 2 1 1 0 1 5 0 2 0 3 3 0 4 0 0 3 0 3 5 0 0 5 0 3 0 1 2 1 4 3
 0 4 2 4 0 2 4 0 2 2 0 0 5 1 3 2 0 1 2 0 0 1 1 2 0 2 0 0 0 0 2 1 4 4 2 3 0
 3 5 0 1 2 2 1 2 3 0 5 4 3 0 0 4 4 5 0 0 3 4 2 0 3 0 4 2 0 5 0 1 0 0 4 4 3
 0 0 0 5 0 0 2 0 4 4 0 0 0 0 4 3 4 0 0 1 3 4 3 1 0 2 5 4 0 5 0 0 0 0 3 3 3
 1 1 3 5 1 2 0 1 0 0 0 0 0 5 0 4 2 0 2 0 0 4 5 2 1 0 4 3 4 0 0 0 0 0 2 2 0
 0 0 0 0 0 4 0 1 0 0 0 0 0 2 0 2 0 4 2 0 3 0 0 0 4 2 0 0 5 0 0 5 5 5 0 0 5
 4 5 0 1 0 3 0 3 1 0 4 0 0 0 0 2 3 2 4 0 1 0 4 0 0 2 0 0 5 0 3 5 5 0 1 2 4
 2 5 2 4 3 2 1 0 0 0 5 2 4 0 3 2 0 0 3 2 4 0 1 1 2 0 0 1 3 5 1 1 1 5 3 0 4
 0 3 1 3 0 0 5 0 4 5 0 1 5 0 0 1 0 0 5 0 4 4 5 1 5 1 4 1 0 2 1 4 0 0 0 2 4
 0 4 1 3 0 0 1 1 5 2 5 3 2 2 0 4 0 2 2 5 0 0 2 0 2 0 0 2 4 0 2 0 0 4 5 5 5
 4 0 0 0 0 0 5 0 0 0 5 0 2 0 0 0 1 0 2 0 3 0 0 0 0 0 5 0 4 4 2 5 0 4 0 5 0
 4 0 0 0 0 1 4 4 4 0 3 0 0 0 0 0 1 2 5 0 1 1 3 5 0 0 5 0 1 4 1 2 1 2 0 0 4
 0 3 1 1 2 5 3 4 0 3 0 1 0 1 0 4 4 0 1 2 0 0 5 4 1 0 0 0 2 3 2 0 1 0 4 0 0
 0 0 4 0 0 0 2 2 1 0 4 2 0 0 4 5 4 0 3 4 5 0 4 5 2 2 5 0 0 0 5 3 0 0 0 1 3
 0 0 4 0 3 1 4 2 0 0 0 0 3 0 2 0 0 4 4 0 0 4 2 4 1 0 0 2 0 3 0 4 4 4 0 2 5
 4 3 4 2 2 0 1 1 5 2 0 2 4 0 0 0 3 2 0 4 2 4 1 3 0 0 3 2 4 2 0 3 1 0 4 0 0
 0 0 0 2 2 0 4 0 5 4 0 0 0 4 0 4 0 0 0 1 0 2 5 0 0 0 1 0 0 5 0 3 0 0 0 0 4
 0 4 2 2 2 4 0 3 5 5 5 5 0 2 2 3 4 1 0 0 4 1 1 0 0 4 2 1 4 5 4 1 0 0 4 0 3
 0 5 0 2 0 2 1 2 2 0 2 4 0 3 0 4 4 1 0 4 5 3 0 4 0 2 4 4 0 4 3 1 0 2 0 0 4
 3]
随机森林
              precision    recall  f1-score   support

           0       1.00      0.41      0.58       426
           1       0.56      0.89      0.69       104
           2       0.68      0.82      0.75       142
           3       0.50      1.00      0.67        85
           4       0.94      0.97      0.95       151
           5       0.57      1.00      0.72        92

    accuracy                           0.71      1000
   macro avg       0.71      0.85      0.73      1000
weighted avg       0.82      0.71      0.69      1000

准确率为：0.709
最佳参数为：
{'max_depth': 30, 'n_estimators': 300}
最佳得分为：0.9085333333333333
最佳估计器为：RandomForestClassifier(max_depth=30, n_estimators=300)
交叉验证结果为：
{'mean_fit_time': array([ 1.93819181,  3.22886682,  4.88358601, 11.70659876, 22.97886992,
       33.75573365,  5.27449894,  8.61942053, 12.9280084 , 14.54119841,
       19.57678072, 29.90610496,  4.52497641,  7.46324428, 11.02560043,
       19.04181711, 29.72991975, 69.34261338,  8.17682616, 14.13856355,
       20.75775417, 33.22055467, 55.63345551, 70.54135164,  4.72179961,
        8.00070906, 12.23310526, 20.52273806, 33.05548771, 50.47432113]), 'std_fit_time': array([ 0.02311719,  0.03436852,  0.05501334,  2.73422643,  0.59705417,
        1.27289346,  0.03353835,  0.11287976,  0.21069938,  3.33600562,
        0.28806074,  0.06822551,  0.04273422,  0.2067949 ,  0.12715746,
        0.25583213,  0.27950794,  5.19229201,  0.04504889,  0.04943712,
        0.34072195,  0.36179234,  0.28595836, 15.17768524,  0.0416105 ,
        0.1226468 ,  0.10268586,  0.12410763,  0.10714998,  1.19245149]), 'mean_score_time': array([0.01845296, 0.03148166, 0.04300721, 0.1731929 , 0.2944603 ,
       0.40436093, 0.06171751, 0.09481422, 0.13377142, 0.1030155 ,
       0.16890065, 0.25663431, 0.03564739, 0.05879315, 0.0948724 ,
       0.1611108 , 0.2433308 , 0.78825188, 0.07768583, 0.14337397,
       0.16002099, 0.3272841 , 0.54868468, 0.67866421, 0.03943753,
       0.0649631 , 0.09554434, 0.1570971 , 0.27016687, 0.56208992]), 'std_score_time': array([0.0022394 , 0.00026216, 0.00173657, 0.07378765, 0.01723328,
       0.02494958, 0.00651856, 0.00394816, 0.00451237, 0.004929  ,
       0.01423416, 0.0135737 , 0.00340672, 0.00159983, 0.00174991,
       0.00888051, 0.01341844, 0.04173124, 0.0026434 , 0.01317485,
       0.03906121, 0.01528481, 0.01186206, 0.22512354, 0.00048034,
       0.00264535, 0.0041747 , 0.00519139, 0.00805193, 0.25311477]), 'param_max_depth': masked_array(data=[5, 5, 5, 5, 5, 5, 8, 8, 8, 8, 8, 8, 15, 15, 15, 15, 15,
                   15, 25, 25, 25, 25, 25, 25, 30, 30, 30, 30, 30, 30],
             mask=[False, False, False, False, False, False, False, False,
                   False, False, False, False, False, False, False, False,
                   False, False, False, False, False, False, False, False,
                   False, False, False, False, False, False],
       fill_value='?',
            dtype=object), 'param_n_estimators': masked_array(data=[120, 200, 300, 500, 800, 1200, 120, 200, 300, 500, 800,
                   1200, 120, 200, 300, 500, 800, 1200, 120, 200, 300,
                   500, 800, 1200, 120, 200, 300, 500, 800, 1200],
             mask=[False, False, False, False, False, False, False, False,
                   False, False, False, False, False, False, False, False,
                   False, False, False, False, False, False, False, False,
                   False, False, False, False, False, False],
       fill_value='?',
            dtype=object), 'params': [{'max_depth': 5, 'n_estimators': 120}, {'max_depth': 5, 'n_estimators': 200}, {'max_depth': 5, 'n_estimators': 300}, {'max_depth': 5, 'n_estimators': 500}, {'max_depth': 5, 'n_estimators': 800}, {'max_depth': 5, 'n_estimators': 1200}, {'max_depth': 8, 'n_estimators': 120}, {'max_depth': 8, 'n_estimators': 200}, {'max_depth': 8, 'n_estimators': 300}, {'max_depth': 8, 'n_estimators': 500}, {'max_depth': 8, 'n_estimators': 800}, {'max_depth': 8, 'n_estimators': 1200}, {'max_depth': 15, 'n_estimators': 120}, {'max_depth': 15, 'n_estimators': 200}, {'max_depth': 15, 'n_estimators': 300}, {'max_depth': 15, 'n_estimators': 500}, {'max_depth': 15, 'n_estimators': 800}, {'max_depth': 15, 'n_estimators': 1200}, {'max_depth': 25, 'n_estimators': 120}, {'max_depth': 25, 'n_estimators': 200}, {'max_depth': 25, 'n_estimators': 300}, {'max_depth': 25, 'n_estimators': 500}, {'max_depth': 25, 'n_estimators': 800}, {'max_depth': 25, 'n_estimators': 1200}, {'max_depth': 30, 'n_estimators': 120}, {'max_depth': 30, 'n_estimators': 200}, {'max_depth': 30, 'n_estimators': 300}, {'max_depth': 30, 'n_estimators': 500}, {'max_depth': 30, 'n_estimators': 800}, {'max_depth': 30, 'n_estimators': 1200}], 'split0_test_score': array([0.678 , 0.702 , 0.712 , 0.7088, 0.7084, 0.7112, 0.8372, 0.8428,
       0.836 , 0.8432, 0.8408, 0.844 , 0.9024, 0.9036, 0.8996, 0.9008,
       0.8988, 0.9036, 0.9056, 0.9064, 0.906 , 0.9096, 0.9128, 0.906 ,
       0.9104, 0.908 , 0.908 , 0.9116, 0.9128, 0.9088]), 'split1_test_score': array([0.716 , 0.7096, 0.7012, 0.704 , 0.7068, 0.7004, 0.8304, 0.8312,
       0.8268, 0.8264, 0.8308, 0.8272, 0.892 , 0.8932, 0.8932, 0.8912,
       0.8944, 0.8916, 0.9052, 0.9084, 0.9008, 0.9028, 0.9024, 0.9008,
       0.9016, 0.8992, 0.9076, 0.9032, 0.9016, 0.8996]), 'split2_test_score': array([0.6816, 0.7232, 0.7316, 0.7176, 0.722 , 0.7196, 0.8228, 0.8468,
       0.8396, 0.8428, 0.8428, 0.8444, 0.8968, 0.8988, 0.9   , 0.8968,
       0.9016, 0.8968, 0.9092, 0.9048, 0.9124, 0.9072, 0.9084, 0.9108,
       0.9036, 0.9108, 0.91  , 0.906 , 0.9104, 0.9064]), 'mean_test_score': array([0.69186667, 0.7116    , 0.71493333, 0.71013333, 0.7124    ,
       0.7104    , 0.83013333, 0.84026667, 0.83413333, 0.83746667,
       0.83813333, 0.83853333, 0.89706667, 0.89853333, 0.8976    ,
       0.89626667, 0.89826667, 0.89733333, 0.90666667, 0.90653333,
       0.9064    , 0.90653333, 0.90786667, 0.90586667, 0.9052    ,
       0.906     , 0.90853333, 0.90693333, 0.90826667, 0.90493333]), 'std_test_score': array([0.01712801, 0.00876964, 0.01258288, 0.00563166, 0.00681958,
       0.00785875, 0.0058818 , 0.00661581, 0.0053897 , 0.00782702,
       0.00524934, 0.00801554, 0.00424997, 0.00424997, 0.00311555,
       0.00393729, 0.00296348, 0.00491347, 0.00179877, 0.00147271,
       0.00474412, 0.00281583, 0.0042625 , 0.00408357, 0.00376652,
       0.00494233, 0.00104987, 0.00349221, 0.00481479, 0.00389644]), 'rank_test_score': array([30, 27, 25, 29, 26, 28, 24, 19, 23, 22, 21, 20, 17, 13, 15, 18, 14,
       16,  5,  6,  8,  6,  3, 10, 11,  9,  1,  4,  2, 12])}